####100####
**Votes**
12,3
11,6
8,6
5,6
2,6
1,8
6,9
10,10
9,10
3,11
7,12
4,13
---------------------------
**VoteCount**
100,100
---------------------------
####200####
**Votes**
8,9
5,10
12,13
11,14
10,14
2,16
1,16
3,17
6,19
7,22
9,25
4,25
---------------------------
**VoteCount**
200,200
---------------------------
####300####
**Votes**
8,14
12,18
1,19
11,23
5,24
10,25
2,25
6,28
7,29
3,30
4,32
9,33
---------------------------
**VoteCount**
300,300
---------------------------
####400####
**Votes**
8,22
1,26
10,29
11,30
12,33
5,33
2,35
6,36
3,36
4,37
7,38
9,45
---------------------------
**VoteCount**
400,400
---------------------------
####500####
**Votes**
8,30
5,35
1,35
10,36
11,38
12,43
3,44
2,44
6,46
7,47
4,48
9,54
---------------------------
**VoteCount**
500,500
---------------------------
####600####
**Votes**
8,37
10,43
5,43
1,47
11,48
12,49
3,50
4,54
2,54
7,55
6,55
9,65
---------------------------
**VoteCount**
600,600
---------------------------
####700####
**Votes**
8,41
12,53
5,53
10,54
1,55
3,59
6,60
11,62
2,62
4,63
7,65
9,73
---------------------------
**VoteCount**
700,700
---------------------------
####800####
**Votes**
8,50
1,62
12,63
10,64
5,64
6,66
3,66
2,67
7,71
4,71
9,76
11,80
---------------------------
**VoteCount**
800,800
---------------------------
####900####
**Votes**
8,60
12,69
10,70
5,70
7,72
1,72
3,73
6,75
2,76
4,78
9,90
11,95
---------------------------
**VoteCount**
900,900
---------------------------
####1000####
**Votes**
8,71
12,75
10,75
7,79
5,81
1,81
2,83
4,84
3,85
6,86
9,97
11,103
---------------------------
**VoteCount**
1000,0
---------------------------
####DELETECANDIDATE####
**Votes**
8,71
12,75
10,75
7,79
5,81
1,81
2,83
4,84
3,85
6,86
9,97
11,103
---------------------------
####1100####
**Votes**
10,80
12,83
7,84
1,89
5,92
2,93
6,94
4,97
3,102
9,104
11,111
---------------------------
**VoteCount**
1100,100
---------------------------
####1200####
**Votes**
12,89
7,89
10,90
2,100
5,101
1,101
6,102
3,109
4,112
9,113
11,123
---------------------------
**VoteCount**
1200,200
---------------------------
####1300####
**Votes**
10,96
7,99
12,106
1,108
2,110
6,111
5,112
3,116
9,120
4,120
11,131
---------------------------
**VoteCount**
1300,300
---------------------------
####1400####
**Votes**
10,104
12,109
7,110
1,115
5,121
3,122
2,123
6,126
9,130
4,130
11,139
---------------------------
**VoteCount**
1400,400
---------------------------
####1500####
**Votes**
10,110
7,119
12,120
1,126
3,128
5,130
2,133
6,136
9,138
4,141
11,148
---------------------------
**VoteCount**
1500,500
---------------------------
####1600####
**Votes**
10,124
7,126
12,129
1,132
5,138
3,138
2,142
6,144
9,147
4,154
11,155
---------------------------
**VoteCount**
1600,600
---------------------------
####1700####
**Votes**
10,131
7,134
1,137
12,139
3,143
5,150
6,152
9,155
2,157
11,161
4,170
---------------------------
**VoteCount**
1700,700
---------------------------
####1800####
**Votes**
7,139
10,142
1,149
3,153
12,154
6,156
5,158
2,165
9,166
11,172
4,175
---------------------------
**VoteCount**
1800,800
---------------------------
####1900####
**Votes**
7,147
10,148
1,160
5,161
12,163
3,168
9,170
6,170
2,175
11,178
4,189
---------------------------
**VoteCount**
1900,900
---------------------------
####2000####
**Votes**
7,158
10,160
1,165
12,169
5,170
6,177
3,178
9,179
11,190
2,191
4,192
---------------------------
**VoteCount**
2000,0
---------------------------
####DELETECANDIDATE####
**Votes**
7,158
10,160
1,165
12,169
5,170
6,177
3,178
9,179
11,190
2,191
4,192
---------------------------
####2100####
**Votes**
10,166
1,169
5,180
12,184
3,186
9,189
6,190
4,200
11,201
2,206
---------------------------
**VoteCount**
2100,100
---------------------------
####2200####
**Votes**
10,173
1,182
5,193
12,195
3,196
6,197
9,201
4,204
11,215
2,215
---------------------------
**VoteCount**
2200,200
---------------------------
####2300####
**Votes**
10,183
1,191
5,201
3,205
9,207
12,208
6,210
4,211
11,225
2,230
---------------------------
**VoteCount**
2300,300
---------------------------
####2400####
**Votes**
10,195
1,200
5,209
9,214
12,215
3,215
6,220
4,223
11,236
2,244
---------------------------
**VoteCount**
2400,400
---------------------------
####2500####
**Votes**
1,209
10,211
5,220
12,222
9,222
3,224
6,229
4,234
11,247
2,253
---------------------------
**VoteCount**
2500,500
---------------------------
####2600####
**Votes**
10,218
1,219
5,228
9,231
3,235
12,236
6,242
4,243
11,253
2,266
---------------------------
**VoteCount**
2600,600
---------------------------
####2700####
**Votes**
10,227
1,234
5,238
9,241
12,244
3,247
4,248
6,250
11,268
2,274
---------------------------
**VoteCount**
2700,700
---------------------------
####2800####
**Votes**
10,234
1,246
9,250
5,251
12,253
4,255
3,256
6,257
11,278
2,291
---------------------------
**VoteCount**
2800,800
---------------------------
####2900####
**Votes**
10,247
1,254
5,260
9,261
4,264
12,265
6,267
3,267
11,287
2,299
---------------------------
**VoteCount**
2900,900
---------------------------
####3000####
**Votes**
10,257
1,265
9,274
6,274
5,274
4,274
12,275
3,277
11,295
2,306
---------------------------
**VoteCount**
3000,0
---------------------------
####DELETECANDIDATE####
**Votes**
10,257
1,265
9,274
6,274
5,274
4,274
12,275
3,277
11,295
2,306
---------------------------
####3100####
**Votes**
1,278
6,282
12,283
5,283
9,287
4,288
3,288
11,308
2,317
---------------------------
**VoteCount**
3100,100
---------------------------
####3200####
**Votes**
1,289
12,290
6,291
4,294
5,298
3,300
9,304
11,322
2,326
---------------------------
**VoteCount**
3200,200
---------------------------
####3300####
**Votes**
12,302
6,302
4,305
3,305
1,306
5,313
9,315
11,331
2,335
---------------------------
**VoteCount**
3300,300
---------------------------
####3400####
**Votes**
6,308
4,313
3,314
12,316
1,318
9,327
5,328
11,341
2,349
---------------------------
**VoteCount**
3400,400
---------------------------
####3500####
**Votes**
6,319
12,322
4,323
3,323
1,330
5,341
9,342
11,352
2,362
---------------------------
**VoteCount**
3500,500
---------------------------
####3600####
**Votes**
12,327
6,328
4,337
3,337
1,342
5,349
9,354
2,369
11,371
---------------------------
**VoteCount**
3600,600
---------------------------
####3700####
**Votes**
12,334
6,344
4,347
1,350
3,352
5,359
9,364
2,375
11,389
---------------------------
**VoteCount**
3700,700
---------------------------
####3800####
**Votes**
12,344
3,357
1,359
6,363
4,365
5,369
9,374
2,383
11,400
---------------------------
**VoteCount**
3800,800
---------------------------
####3900####
**Votes**
12,364
1,367
3,370
6,371
4,376
9,381
5,384
2,390
11,411
---------------------------
**VoteCount**
3900,900
---------------------------
####4000####
**Votes**
1,375
6,381
3,381
12,382
4,386
5,392
9,393
2,402
11,422
---------------------------
**VoteCount**
4000,0
---------------------------
####DELETECANDIDATE####
**Votes**
1,375
6,381
3,381
12,382
4,386
5,392
9,393
2,402
11,422
---------------------------
####4100####
**Votes**
3,387
12,393
6,398
4,398
5,400
9,412
2,419
11,432
---------------------------
**VoteCount**
4100,100
---------------------------
####4200####
**Votes**
3,398
12,405
4,408
5,413
6,416
2,425
9,429
11,445
---------------------------
**VoteCount**
4200,200
---------------------------
####4300####
**Votes**
3,410
12,419
4,422
5,426
6,431
2,437
9,440
11,454
---------------------------
**VoteCount**
4300,300
---------------------------
####4400####
**Votes**
3,423
4,434
12,435
5,444
6,445
2,446
9,451
11,461
---------------------------
**VoteCount**
4400,400
---------------------------
####4500####
**Votes**
3,440
4,445
12,449
5,454
2,456
9,458
6,460
11,477
---------------------------
**VoteCount**
4500,500
---------------------------
####4600####
**Votes**
3,452
12,461
4,461
5,464
9,468
2,468
6,470
11,495
---------------------------
**VoteCount**
4600,600
---------------------------
####4700####
**Votes**
12,467
4,471
3,474
5,478
9,480
2,481
6,484
11,504
---------------------------
**VoteCount**
4700,700
---------------------------
####4800####
**Votes**
12,480
4,483
5,488
3,490
6,493
2,493
9,496
11,516
---------------------------
**VoteCount**
4800,800
---------------------------
####4900####
**Votes**
12,485
4,497
3,500
5,502
9,506
6,506
2,509
11,534
---------------------------
**VoteCount**
4900,900
---------------------------
####5000####
**Votes**
12,492
3,511
4,512
5,515
9,517
6,520
2,522
11,550
---------------------------
**VoteCount**
5000,0
---------------------------
####DELETECANDIDATE####
**Votes**
12,492
3,511
4,512
5,515
9,517
6,520
2,522
11,550
---------------------------
####5100####
**Votes**
3,521
5,527
6,531
4,531
9,533
2,539
11,565
---------------------------
**VoteCount**
5100,100
---------------------------
####5200####
**Votes**
3,538
9,543
6,543
5,543
4,546
2,552
11,582
---------------------------
**VoteCount**
5200,200
---------------------------
####5300####
**Votes**
3,553
6,557
5,559
4,563
9,564
2,564
11,587
---------------------------
**VoteCount**
5300,300
---------------------------
####5400####
**Votes**
3,564
5,567
2,575
4,578
6,580
9,581
11,602
---------------------------
**VoteCount**
5400,400
---------------------------
####5500####
**Votes**
3,575
5,583
6,588
2,588
4,594
9,607
11,612
---------------------------
**VoteCount**
5500,500
---------------------------
####5600####
**Votes**
3,584
5,596
6,598
2,601
4,615
9,625
11,628
---------------------------
**VoteCount**
5600,600
---------------------------
####5700####
**Votes**
3,599
5,606
2,613
6,614
4,634
9,639
11,642
---------------------------
**VoteCount**
5700,700
---------------------------
####5800####
**Votes**
3,615
5,622
6,630
2,630
9,647
4,650
11,653
---------------------------
**VoteCount**
5800,800
---------------------------
####5900####
**Votes**
3,631
5,640
6,641
2,643
9,654
4,665
11,673
---------------------------
**VoteCount**
5900,900
---------------------------
####6000####
**Votes**
3,646
6,655
2,656
5,659
9,667
4,679
11,685
---------------------------
**VoteCount**
6000,0
---------------------------
####DELETECANDIDATE####
**Votes**
3,646
6,655
2,656
5,659
9,667
4,679
11,685
---------------------------
####6100####
**Votes**
6,670
5,673
2,678
9,683
4,696
11,701
---------------------------
**VoteCount**
6100,100
---------------------------
####6200####
**Votes**
6,684
9,692
2,692
5,699
11,713
4,721
---------------------------
**VoteCount**
6200,200
---------------------------
####6300####
**Votes**
6,703
2,709
9,710
5,711
11,725
4,743
---------------------------
**VoteCount**
6300,300
---------------------------
####6400####
**Votes**
6,719
2,725
5,727
9,733
11,743
4,754
---------------------------
**VoteCount**
6400,400
---------------------------
####6500####
**Votes**
6,730
5,741
2,743
9,751
11,762
4,774
---------------------------
**VoteCount**
6500,500
---------------------------
####6600####
**Votes**
6,747
5,759
2,760
9,764
11,783
4,788
---------------------------
**VoteCount**
6600,600
---------------------------
####6700####
**Votes**
6,761
9,775
5,778
2,782
11,800
4,805
---------------------------
**VoteCount**
6700,700
---------------------------
####6800####
**Votes**
6,782
2,794
9,798
5,798
11,807
4,822
---------------------------
**VoteCount**
6800,800
---------------------------
####6900####
**Votes**
6,801
2,811
5,813
9,818
11,820
4,838
---------------------------
**VoteCount**
6900,900
---------------------------
####7000####
**Votes**
6,817
2,823
11,833
9,834
5,839
4,855
---------------------------
**VoteCount**
7000,0
---------------------------
####DELETECANDIDATE####
**Votes**
6,817
2,823
11,833
9,834
5,839
4,855
---------------------------
####7100####
**Votes**
2,847
11,853
9,854
5,857
4,873
---------------------------
**VoteCount**
7100,100
---------------------------
####7200####
**Votes**
2,867
9,872
11,876
5,879
4,890
---------------------------
**VoteCount**
7200,200
---------------------------
####7300####
**Votes**
9,887
2,890
5,897
11,903
4,907
---------------------------
**VoteCount**
7300,300
---------------------------
####7400####
**Votes**
9,902
2,911
5,916
11,925
4,930
---------------------------
**VoteCount**
7400,400
---------------------------
####7500####
**Votes**
9,925
2,932
5,935
11,938
4,954
---------------------------
**VoteCount**
7500,500
---------------------------
####7600####
**Votes**
9,948
2,950
5,954
11,962
4,970
---------------------------
**VoteCount**
7600,600
---------------------------
####7700####
**Votes**
9,968
2,973
5,975
11,981
4,987
---------------------------
**VoteCount**
7700,700
---------------------------
####7800####
**Votes**
9,988
2,989
11,1001
5,1003
4,1003
---------------------------
**VoteCount**
7800,800
---------------------------
####7900####
**Votes**
9,1001
2,1009
11,1022
5,1025
4,1027
---------------------------
**VoteCount**
7900,900
---------------------------
####8000####
**Votes**
9,1020
2,1030
5,1043
4,1044
11,1047
---------------------------
**VoteCount**
8000,0
---------------------------
####DELETECANDIDATE####
**Votes**
9,1020
2,1030
5,1043
4,1044
11,1047
---------------------------
####8100####
**Votes**
2,1049
5,1064
4,1067
11,1084
---------------------------
**VoteCount**
8100,100
---------------------------
####8200####
**Votes**
2,1079
5,1082
4,1091
11,1112
---------------------------
**VoteCount**
8200,200
---------------------------
####8300####
**Votes**
2,1097
5,1108
4,1117
11,1142
---------------------------
**VoteCount**
8300,300
---------------------------
####8400####
**Votes**
2,1118
5,1131
4,1143
11,1172
---------------------------
**VoteCount**
8400,400
---------------------------
####8500####
**Votes**
2,1140
5,1158
4,1168
11,1198
---------------------------
**VoteCount**
8500,500
---------------------------
####8600####
**Votes**
2,1175
5,1181
4,1187
11,1221
---------------------------
**VoteCount**
8600,600
---------------------------
####8700####
**Votes**
2,1201
5,1203
4,1213
11,1247
---------------------------
**VoteCount**
8700,700
---------------------------
####8800####
**Votes**
2,1223
5,1226
4,1238
11,1277
---------------------------
**VoteCount**
8800,800
---------------------------
####8900####
**Votes**
2,1247
5,1256
4,1261
11,1300
---------------------------
**VoteCount**
8900,900
---------------------------
####9000####
**Votes**
5,1271
2,1272
4,1290
11,1331
---------------------------
**VoteCount**
9000,0
---------------------------
####DELETECANDIDATE####
**Votes**
5,1271
2,1272
4,1290
11,1331
---------------------------
####9100####
**Votes**
2,1307
4,1320
11,1366
---------------------------
**VoteCount**
9100,100
---------------------------
####9200####
**Votes**
2,1333
4,1359
11,1401
---------------------------
**VoteCount**
9200,200
---------------------------
####9300####
**Votes**
2,1360
4,1396
11,1437
---------------------------
**VoteCount**
9300,300
---------------------------
####9400####
**Votes**
2,1390
4,1430
11,1473
---------------------------
**VoteCount**
9400,400
---------------------------
####9500####
**Votes**
2,1427
4,1461
11,1505
---------------------------
**VoteCount**
9500,500
---------------------------
####9600####
**Votes**
2,1467
4,1490
11,1536
---------------------------
**VoteCount**
9600,600
---------------------------
####9700####
**Votes**
2,1499
4,1522
11,1572
---------------------------
**VoteCount**
9700,700
---------------------------
####9800####
**Votes**
2,1536
4,1552
11,1605
---------------------------
**VoteCount**
9800,800
---------------------------
####9900####
**Votes**
2,1571
4,1589
11,1633
---------------------------
**VoteCount**
9900,900
---------------------------
####10000####
**Votes**
2,1603
4,1623
11,1667
---------------------------
**VoteCount**
10000,0
---------------------------
####DELETECANDIDATE####
**Votes**
2,1603
4,1623
11,1667
---------------------------
####10100####
**Votes**
4,1676
11,1714
---------------------------
**VoteCount**
10100,100
---------------------------
####10200####
**Votes**
4,1719
11,1771
---------------------------
**VoteCount**
10200,200
---------------------------
####10300####
**Votes**
4,1765
11,1825
---------------------------
**VoteCount**
10300,300
---------------------------
####10400####
**Votes**
4,1823
11,1867
---------------------------
**VoteCount**
10400,400
---------------------------
####10500####
**Votes**
4,1869
11,1921
---------------------------
**VoteCount**
10500,500
---------------------------
####10600####
**Votes**
4,1915
11,1975
---------------------------
**VoteCount**
10600,600
---------------------------
####10700####
**Votes**
4,1960
11,2030
---------------------------
**VoteCount**
10700,700
---------------------------
####10800####
**Votes**
4,2014
11,2076
---------------------------
**VoteCount**
10800,800
---------------------------
####10900####
**Votes**
4,2072
11,2118
---------------------------
**VoteCount**
10900,900
---------------------------
####11000####
**Votes**
4,2124
11,2166
---------------------------
**VoteCount**
11000,0
---------------------------
####DELETECANDIDATE####
**Votes**
4,2124
11,2166
---------------------------
